136592355136608421, 136539898, 126038923, 126011174, 12450742594028709, 43227492136592355
1
136608421, 136539898, 126038923, 126011174, 124507425
5
94028709, 43227492
6
136592355
1
136608421, 136539898, 126038923, 126011174, 124507425
5
94028709, 43227492
6
209943164, 204640955, 204639821, 181035490, 163424460, 181486589, 140615149, 124803395, 123154189, 112558445, 100694694, 99970880, 99112820, 94086710
11
185175650
15
268111579, 264934136, 257182997, 220053251, 219708332, 219687760, 219069099, 218348820, 217702705, 207148800, 203898647, 186892823, 185848398, 181812731, 180869838, 179823556, 179683470, 175759161, 175492287, 175396775, 175229945, 175189298, 174539586, 172593676, 172581462, 171118356, 166033245, 165844714, 164903863, 164770717, 164113897, 162976051, 157808242, 153043981, 149874498, 139279429, 138838221, 136509335, 132387892, 132383517, 123827042, 123212307, 122608600, 118957750, 115854448, 115853557, 115852756, 105371124, 1939436, 1234376
17
183979315, 151748082
21
155492356, 92505997
22
169371887
23
272773653, 223846540, 96951212
27
241744713, 209279122, 193895145, 191373315, 190164836, 178880059, 177034468
36
107593659, 70739850, 42551, 27854, 50
39
95462611, 94445585, 54600907
41
116688050, 116688049
42
137077918, 127544263, 113436019, 103451668, 99160508, 93928106, 128538969
46
224773959
52
167938375
54
232021236, 208367561, 194540633, 175193637, 155313670, 111025501, 84112151, 2848504
56
187225681, 187025260, 185575595, 185574109, 185573986, 181629883, 181025511, 181025253, 181009210, 180437044, 178287226, 175682523, 164966821, 164966534, 164966144, 164965795, 164965556, 164868662, 154316401, 138679311, 122447737, 121766072, 65345109, 44381636, 29002235, 22758634, 19137972, 3843535, 1743382, 1704324, 824615, 83280
59
147282124, 146774798, 146381716, 146193976, 144297088, 135336302, 132559384, 129460606, 129264525, 130426086, 126319246, 117424980, 102801101, 98822742, 97819861, 94132954, 93825317, 92284697, 24065715, 67523318, 44023075, 13553646, 13076968, 10020436, 7005305, 7004640, 7004534, 7004198, 13638991, 21819764, 31538978, 43176645, 46094898, 62194062, 64377173, 69921761, 73731827, 101613176, 124468335, 124396311, 125701728
61
182858030, 166496721, 164653809, 126915816, 116167263, 70944398, 16995817, 6818049, 4327190, 3710920, 24946489, 5208990, 2167830, 11957193, 29284315, 14959212, 1473503, 1971571, 3393929, 3571373, 8168246, 3402882, 27762969, 99343360
70
294127065, 293656688, 194645758, 186822444, 175772155
74
150401886, 135816031
75
98947759, 77313159
90
298534638, 283668505
102
105350648
111
262570062, 154773021, 43731151
113
234028536
120
155368908
121
250869272
133
929271, 46446049, 53586156, 95524948, 8134697
138
154673872, 152812768, 119550304
144
202068782
146
179999971, 124649831
150
290650057, 288023524, 287676783, 285728080, 18175015
161
281359612
166
275888887, 238963376, 235768611, 147044125, 144111856, 30332170, 53464301, 53456675, 53452667, 53461058, 53447229, 52417902, 52420355, 53035510, 53019155, 52941652, 53041218, 52414541, 41558554, 25208171, 23747092, 41525100, 33556818, 47654322, 25800812
167
265316831, 250006086, 134597251, 133131721, 98681282, 7012
169
153558449, 84135991, 4794, 10617389, 36456537, 93
173
209260040, 138600221, 131803131, 107419253
175
55020500
176
13844409, 7467698, 4765970, 4764720, 4146697, 3394078, 3393599
180
199489353
183
300788346, 300516553, 296826273, 293914929, 289500335
186
174520452, 156876139, 9680631, 9105553
190
1636321
195
293568682, 236106186, 163491307, 163269128, 163093004, 137392964, 134026146, 92061487, 75248377, 25262217
200
245520516, 232303668, 232302933, 232268215, 207166012
201
141329880
204
156965668, 154924384
207
247466445, 153122363, 149330883, 136297264, 134792863, 128406613, 128213947, 127955165, 120801956, 111854401
210
108710500, 165960493, 157472844, 131664482, 264637, 166248391, 876639, 98325067, 131029778, 205538565
212
161659228, 117699214, 115210905, 110538653, 64731012, 52978332, 33952577, 3752811, 1844773, 71
214
297307472, 297024841, 296651205, 296541987, 294497747, 208793384, 5689254
215
173823451, 173822532, 173643238, 173641568, 148850153, 141918237, 129163386, 124349329, 124165116, 123297652, 121944429, 121145399, 121006527, 119481918, 118805808
217
97059963, 136465747, 127146085, 11814994, 9089490, 9083978
218
248572642, 234154719, 231719991, 221130534, 198513788, 196690641, 178837420, 155042625, 110261740, 94084156, 72219927, 42892262, 39033539, 9348212, 8882591, 7318225, 3714101, 3479608
221
280822365, 280822348, 280822346, 280822317, 265735004
223
193939239
225
231002275, 152170291, 151518194, 148519329, 135115723, 120621278, 107618956, 81402001, 39929002, 1997349, 1299783, 155287
229
93872350, 38663506, 6159920, 866411, 15734, 14928
235
6645
241
133018915, 142076642
244
255469796, 247500034, 245880489, 232297564, 208179488, 171423527, 149240105, 2001278
248
261161014, 186301427, 145138422, 141789072, 112740792
249
236812839, 20162378
251
140725689, 111587495, 104881937, 41299552, 37662565, 5429700
252
296619615, 273999374, 273247775, 218583364, 197803718, 173302076, 168026557, 162299195, 156276214, 146887496, 140390525, 133572368, 112501990, 113614552, 105835132, 820481, 92639784, 1184221
254
296875688, 254284507, 139564462, 3657, 112310956
260
286668728, 174679215
264
257976481
265
298427107, 193246681
266
284319337, 276447583, 70845, 1858, 173661150, 177676702, 220995537, 173753087, 173147439, 205346189, 174087840, 143991547, 173039906, 220119541, 173224815, 175195774, 196411625, 154807621, 98006727, 107526753, 116706265, 116817693, 144018524, 3220636, 45168757, 159696429
269
266658066, 249467370, 237940061, 176152925, 142822227, 168502226, 173163355, 234493034, 232235922, 69811861, 168802003, 232210560, 231776426, 230508418, 210958744, 167403720, 181542610, 1939021
274
195512449, 163304912, 28387823, 137325944, 30115773, 7693003, 5185190, 4731410, 4188257, 4021093, 3684412, 3640598, 3428327, 2852563, 571627, 373191, 275116, 235683, 224353, 19833520
277
173086561, 163167156, 146591059, 142048548, 130159916, 113476563, 112150837, 109285243, 96475075, 93891398, 84388328, 64293358
282
162424744, 162421603, 38225356
285
264790483, 253956380, 254136338, 255096115, 236501372, 222375342, 140334307, 112242465, 103885002, 92438026
286
230607065, 162878049, 152655638, 133358989, 131564259, 131369007, 131368733, 129890158, 129268898, 119854623, 94876305, 67175797, 2694676, 39227
287
263057817
289
224328370, 217462970, 215892905, 213851390, 213851349, 213851249, 213850387, 144543870, 119326158, 117771649, 95869260, 95868411, 93155100, 93698451, 31021601, 32027686, 31021717, 133898, 75202868, 5112478
290
208262979, 127056736, 112467921, 100769927, 96741061, 96039605, 93371144, 35794858, 7682089, 1111016, 15196128, 41420526, 92849751, 123791447
292
235366072, 234014206, 232030983, 225031372, 223244357, 222756060, 218676969, 211865929, 211712229, 209384829, 208958340, 206457778, 203566508, 201684244, 185876991, 182976957, 193647759, 185071093, 184869314, 184552045, 183397526, 178602651, 182394199, 178242586, 175891953, 168330526, 166013257, 172101411, 167763953, 167186561, 164802634, 160316417, 159097401, 157341240, 155383335, 150279058, 139003190, 136778993, 115196759, 3066536, 50078250
294
95503131, 46807004, 1252260, 750606, 46806057
297
29553
300
348970
303
265352592, 239136720, 196520132, 97132071
308
97009907, 96506018, 94154007, 93637592, 92102815, 80786922, 50333701, 23405796, 2717558, 2039942, 864617, 331265, 23184, 11010, 1150, 1149, 1147, 1146
315
285755045, 280919567
316
194706619, 127095378, 102447004, 40684855, 87899168, 83859472, 94161709
318
280376780, 168616389, 116332504, 48369981, 24016648, 16552783, 9070576, 3929808, 1717785, 773318, 243204, 6649
321
197190923
328
264161729, 263993313, 257745220, 236802246
329
70482165, 38848364
330
52175441
334
285280486
340
248893344, 240154780, 235273328, 234093271, 230908988, 219756335, 212840782, 203957904, 203393737, 146440760, 146440355
353
224777493, 38036437, 19399535, 705455, 565290, 117343
358
287210198, 193920104
363
29023371, 2521733
366
255711620
367
430689, 273441, 168324, 168336, 25150251
370
298086336, 297054709, 257025053
371
254735902, 252677621, 154398360, 115893310, 109050033
375
280706862, 217266818, 213500445, 111157608, 18356848, 2218333, 347593, 10567967, 18361594, 5360, 3314
377
226978376, 206854012, 176456272, 176411860, 161415586, 139335578, 113839272, 9792964
378
5652160, 5105822, 5071057, 1868454
379
283110
381
194999193, 187715384, 164985478, 124365150, 110792428, 25086138, 20819608, 2378817, 104
382
149052214, 135257312, 127773617, 94108705, 54951372, 54939743, 36696124, 426433
384
87293458
386
298879214, 295317378, 286483882, 284863180, 284008105, 284000635, 283433919, 280386966, 154004513, 103508299, 103285587, 46266467
388
104315269
401
228478372
404
442326, 1913572, 1869304, 2526732, 39947835, 69386905, 92858392, 95772063, 111152246, 128473707, 155802861, 25147663, 36360, 227336435, 217171647, 247251546, 236927500, 243593163, 246640103, 253241305, 253256697, 253219982, 260024557, 266789229
406
160246684
408
185960
420
149026068, 201713586, 289413272
421
100951668
427
156, 107829074, 119255227, 25678230, 80624116, 94197611, 94422329, 94498671, 94564785, 96226361, 94803309, 94930590, 95147241, 95445935, 95593972, 95751692, 95784779, 133977172, 137543708, 95070363, 112752355, 97968923, 97970439, 141915403, 143014766, 151135059, 148217859, 164855373, 192511524
429
297220176, 138219409, 246757233
432
195221445
433
24047915, 24068346, 120240550
434
172865, 172950, 217765, 217826, 218093, 229547, 570959, 572161, 2672374, 7150430, 21774857, 62318721, 95628290, 96489316, 96490389, 97887210, 98197867, 100622471, 100950333, 102090442
435
93188477, 290437, 93439176, 97982950, 108546870, 109843446, 110654642, 187540150
438
109, 6165511, 95388630, 97305156, 97307889, 105057571, 114850129, 123389766, 137310425
440
118176753, 122250507
441
1754739, 63144687, 96398153
445
34029749, 23281, 68198, 99808, 140543, 184377, 223938, 442447, 588630, 728744, 865033, 1609554, 2330361, 2351422, 2409721, 3134706, 6445475, 8171612, 8867584, 36899276, 41915267, 66236995, 86942435, 92935247, 92975013, 92979519, 93362012, 94997953, 94999632, 105829259, 133167119, 134056098, 157419874, 152890801, 164803605, 168980616, 180308744, 193484844, 201801281
453
118898453, 117021101, 112121387, 98460239, 119058775, 176675141, 184650135, 202029447
457
30039603
466
131547588, 148053085, 151170295
467
301640048, 132581632, 251156274
473
95356751, 90280853, 90287135, 93240265, 96873961, 102002526, 97315624, 103747906, 149643197, 135534035, 90329017, 99169775, 97358791, 146170396, 43897724, 90290624, 90318916, 148874351, 204694152, 90324217, 178782036, 110765189, 142086467, 144380547, 176702176, 210400049, 248531633, 263064910, 275495033, 279681676, 287700351
479
129043796, 145524566, 147053115
481
39368511, 173822698
482
133564987
493
125476277, 128882348, 150268739, 150988515, 155801250, 170715458, 175910007, 187543544, 188583552, 190377857, 190963983, 191282923, 191491168, 191761336, 192173960, 192781164, 192850050, 193729541, 193832108, 193888705, 197520222, 199366834, 199484897, 200871616, 201453545, 203227944, 203228434, 203253000, 204124200, 208064717, 211164091, 211169042, 213085696, 214410985, 216101648, 220344052, 221015921, 221344608, 237617386, 237621062, 251672961, 258699333
496
204173619, 116100559, 94534133, 81495500, 5165450, 4825414, 3638240, 3072437, 2184824, 49207, 49147
504
201113351, 131403608
516
146132427, 131150223, 9819746, 8366274, 115721, 2482152, 197106, 116200, 101688, 484
523
246014009, 207286048, 185812324, 180630477, 175308042, 173612925, 166799711, 163758541, 156209881, 145773162, 140606698, 137458653, 25730686
525
146018957, 129781757
529
260040948, 251478927
536
148407651
537
133698928, 130961453
538
232845829, 212936402, 97959772
544
2987562, 2291118
545
244944912, 212214170, 212138848, 200004002, 177433377, 49189297
547
139790169, 133863732, 132265342, 131124882, 125888734, 124004372, 119720760, 118731398, 117629059, 117116810, 117093219, 116499846, 116156600, 115451159, 115051447, 119302332, 114754227, 113797799, 112242498, 112065898, 111738520, 106250521, 104213284, 106359609, 101154677, 380, 91890429, 89707765, 62601851, 42250867, 34089930, 2982046, 675937, 2355915, 35978486, 35988114, 35991110, 108645490, 97880158, 105589816, 100376761, 98568747, 97922709, 98301485, 96495462, 97137418, 98635801, 98679166, 100978194, 109829191, 96389053, 100082165, 96297556, 98795080, 97275614, 96297532
549
158795527
563
259468245, 254701652, 254075070, 253771223, 253770194, 247340192, 245136004, 238920584, 237409204, 205047623, 194166858, 161916031, 160819308, 160394236, 157362667, 157358358, 148209399, 143190099, 140686472, 138532219, 135212648, 128346729, 128336750, 128335830, 46395764, 46393114, 46392019, 46388278, 46307363, 46306195, 46300759, 46298333, 28395377
566
179879367
567
35322970
568
265376538, 223241285, 222718542, 213318758, 193402788, 177317085, 194023539, 181377619, 193498538, 181840286, 21876455, 99248105
569
130404781, 11583465
578
179169199, 177899713, 156685913, 134349901, 96252116, 95444431, 26155405, 58840715, 16074571, 2332558
583
221617809, 158276381, 17949536
588
247546842, 247546831, 247546788, 247546743, 247546711, 238616947, 231743174, 231721020, 230782137, 230460304, 230089335, 230089268, 229296070, 228983307, 228594890, 219389758, 217674490, 217623345, 217623280, 217472483, 213575399, 212804156, 212804043, 212803992, 212803795, 212803708, 211944335, 211724472, 211724422, 206235366, 204822380, 204653773, 204599810, 203385978, 203385831, 200272686, 200150537, 199064486, 198458206, 198339012, 198218126, 191885325, 801151, 94505042
590
79104
591
198243370
592
178002948, 137686025, 134971256
599
13057356, 122723951, 122724105, 165391171, 245739521
602
95709390, 217168714
604
107352662
605
76768456, 120497655, 115305540, 3514207, 144565862, 149454561, 153311247, 153842126, 173302346, 175922246, 184759990, 185934469, 190490915, 237650897
607
4555688, 167719476, 176040360, 182002306, 194163830
608
93901542, 189905064, 189907212, 249661413
609
261821411, 284973736
612
91740752, 97621243, 113400743, 154633886, 220682200
616
142243232, 92112093, 182121022
623
4461422
626
93057256, 93310784, 93356833, 94353577, 94354597, 94421857, 94687914, 96647467, 98947848, 110480998, 117520765, 131792806, 136955503, 165402722, 167938506, 176592370, 181688048, 198157640, 200880682, 202983695, 204102962, 220601126, 245789162
634
138651530, 163136317, 117952064, 170098045, 161910549, 97402595, 123731856, 22506576, 256690711, 95900321
636
299004866
643
816556, 1662559, 530680, 3636438, 141065232, 143983784, 178457152, 180362011, 180721806, 182174145, 185370601, 191402435, 194420339, 202513228, 217790268, 223184617, 228796981, 234815594, 240343530, 249929861, 253331624, 253697919, 261212397
650
5007, 29831870, 42377872, 113241703, 116441774, 127951774, 134585356, 141725719, 143853516, 167749912, 178228310, 272932797
662
8806413, 43175429
668
1298394, 47185893, 696578, 4792509, 275487, 583933, 2311570, 29551317, 94188417, 108729054, 109441938, 109438219, 120420474, 110877376, 112252994, 117370040, 117837007, 112434805, 117697097, 131192810, 135951877, 131340545, 153330626, 152119432, 96999458, 256218695, 5686346, 3388624, 93611596, 43756864, 1415242, 8881531, 8881552, 8882170, 188764898, 10701145, 94195713, 94811207, 94837487, 105227108, 95245041, 96331694, 98189811, 103613213, 103649825, 105062010, 112435791, 117436942, 10698606, 136862783, 136930782, 142491445, 170741375, 261860089, 263584556, 269078236, 280482123, 283466756, 292666260
670
7389, 258405, 1374318, 1545578, 1545642, 1546377, 3016294, 10587701, 14817793, 24995860, 25161585, 26313067, 28577368, 36032202, 36902968, 45633601, 46643971, 68455451, 85326329, 92459986, 101395329, 115781458, 119777485, 129145026
672
107453241, 114797581, 20957626, 94856409, 38100272, 1268151, 1268735, 2853, 2863, 6046, 6048, 25739216, 9046321, 8182349, 2857, 12151158, 106967862, 116104101, 143307125, 133378465, 180356853, 201896357, 220178923, 234235308, 236255790, 257742220, 267823055, 276648940, 287939789, 288448005
673
44718401, 67173004, 101739433, 136987401, 194756844
676
109427007, 158969778
678
236085688, 236086313
679
15278747, 107950553, 113989712, 144227771, 179288748, 180535463, 198374199
680
3011608, 6153, 80661386, 33246, 39908113, 56969475, 100439721, 117323618, 144793654, 183573748
688
189343170
690
116072262, 374704, 393537, 416600, 966704, 1380505, 5126528, 18470293, 44081850, 105125123, 336564, 118244379
693
2238705, 96610228, 96672696, 113533051, 114210261, 125379324, 125423647, 125448706, 125471776, 126911612, 126915299, 129253108, 129255680, 140026504, 141609208, 160230601, 160272559, 160814295, 173157427, 178256862, 178794655, 196695063, 196950356, 198906598, 205320795, 211812121, 216292385, 217446272, 226009140, 226179726, 226290536, 236518881, 236527380, 251258869, 251408521, 255238716, 255444432, 256635162, 259306407, 288940677, 290107022
696
168134355, 186060224, 199805321, 203103112, 203245532, 219975842, 271822321, 276308174
701
2804477, 2805707, 2806299, 2806618, 117619835, 117620226, 117622903, 159736119, 159737629, 159738236, 159738372, 159738434, 159738517, 159739104, 159739239, 159739584, 159739721, 160162124, 160162356, 173561608, 177036688
703
100723311
708
591978, 854634, 106640049, 107604881, 133476226, 147541869, 160623180, 172536971, 290036233
709
6856193, 31669262, 196, 96753293, 15417182, 5787, 8846, 20818824, 123551, 58382161, 76286511, 93494629, 108789161, 140152764, 143667096, 143768570, 148042933, 149674985, 154501160, 163507413, 173419822, 229994802
710
2197290, 1919114, 3100287, 8836594, 8837171, 29131321, 33439604, 36066179, 66359942, 88749970, 91971356, 93061165, 99301623, 101130581, 133703557, 137468632, 142036887, 143720253, 149796702, 170669336
720
288808, 15120679, 20188554, 26268837, 55648210, 93079710, 107062683, 141691916, 203320681, 217279170, 219845390, 236893467, 237634467
726
872280, 935345, 94066722, 95140221, 112050584, 126287123, 126463719, 127862420, 129128417, 129130032, 121364932, 22416, 146609803, 173916221
729
682870, 44384135, 92692238, 96081394
733
58525009
735
144113041, 234616720
743
146346943
747
302570, 301400, 435070, 1489138, 1283676, 1575572, 2134138, 4087844, 5294293, 115316590, 21043125, 78858561, 94549850, 97307612, 119303201, 136535138, 144678535, 146027305, 159502987, 159504171
750
32906, 130542
751
10381797, 10970987, 39861627, 117758782, 148755279, 166755344, 166893127, 199316266, 216834970, 217123205, 218045322, 220432376, 223464582, 250439657, 261262066, 261264648, 265064112, 276093486, 281831530
753
140172915, 140173882, 143530216
759
112749075, 216066528
762
76486, 2761419, 4254600, 9205510, 17159433, 28113885, 53691407, 92101101, 95661048, 108310011, 112821161, 140364272, 161767145, 162303263, 162466945, 167769168, 179138130, 181177004, 185701759, 189020569, 197304297, 200436360, 203897473
769
298149914, 233188117, 245489730, 245541001, 245639209, 258666072, 274223385, 280519047, 292987133
779
87246389, 65557933, 130133389, 96429638
792
221397595
795
127844835, 185896335
799
101909320
801
1763702, 109133815, 109193844, 197027010
803
151057545, 157814461, 160941788, 162802586, 163495440, 169775646, 174084129
807
298048821, 2870, 2943, 5806, 3792632, 3823168, 36186236, 153756464, 199769531, 203697713, 204549884, 207687083, 251773517, 285193889
808
96794214, 96794569
809
232069061
811
193880645, 201899342
820
142507614, 140780124, 116988304, 116988191, 116991106
821
141168449
823
105161, 262696011
826
1014, 1296, 828526, 7929674, 11016511, 37522528, 110139549, 181758428, 215258256, 238890788
827
188851698
831
138234348, 105693175, 164438848, 157030276, 252488045
832
297552496, 286800397
834
118241245, 170, 167079100, 94578, 256119082
840
33312, 103494380, 104845992, 114905193, 145721341, 148853891
843
252763609, 287883062
847
297831998, 7481636, 18118330, 40008328, 68705660, 95854283, 199545397, 123302442, 96291280, 176433830, 118957707, 169018603, 740
852
310739, 729776, 730854, 733370, 825219, 825627, 829846, 872950, 873670, 1458479, 1709461, 1709498, 1992284, 1992353, 1992729, 1992843, 1993341, 1993652, 2007304, 9149978, 9466986, 10517994, 29565236, 35081018, 35837389, 35946469, 36330889, 36493890, 49606033, 53162869, 53181958, 53182567, 56830452, 56848640, 57006472, 66669958, 66671384, 66672263, 66673107, 110958523, 110959220, 110959649, 110960951, 110963210, 124235443, 124235598, 124236066, 124236168, 124236339, 124236426, 124236674, 124237213, 131408453, 132198967, 173783268, 174972122, 175141088, 178869477, 209735296, 209735491, 209735565, 209735699, 209735858, 209736075, 209736125, 209736219, 209736729
856
7064392, 7219743, 7224983, 12118069, 43187237, 166210651
857
181985109
860
171, 102280012
866
677, 563555, 187344577
868
175, 123553, 2729617, 36812291, 55811806, 65732652, 68042384, 79669603, 91288671, 93379863, 98877718, 101131280, 102323097, 108323774, 125005717, 137897078, 141925578, 162104281
874
846620, 1494659, 870860, 52632377, 120008794, 181720964, 193677556, 193682802
878
129344659
880
224582820, 229665137, 237809534, 249400293
885
456, 47991280, 93302163, 105104230, 135023158, 176276941, 186343860, 239443712
889
297765946, 39486311, 285934084
890
203781, 1433030, 1679683, 2000036, 2000290, 2529413, 5683075, 25099674, 8537991, 10811519, 91295080, 110093773, 117187283, 118854986, 124032173, 124073422, 124091518, 124092222, 124588952, 124588129, 124588461, 122746, 155578208, 162838332
900
109646054, 51048904, 101396, 4851456, 18125026, 95334105, 110716003, 121029394
903
186596038, 193580007, 200052477, 202004888, 203037852, 203116440, 203219727
905
21535438, 72132754, 123593675, 163706224, 285128799
912
233986182, 254022908
913
176, 37067399, 78076712, 95740851, 120875655, 129055259, 140769408, 177389627, 177432399, 181305443, 200075586, 240399018
932
35730164, 35739193, 36057765, 36060934, 92975804, 94314272, 95112560
939
5251, 625426, 487813, 1394836, 5313584, 8673704, 30193421, 37961116, 53609297, 92566843, 94205442, 141074832, 142777221, 143189893, 177007099
940
2290, 3519, 4084816, 14905862, 156322774
944
296643139, 1053182, 1879276, 4617234, 48386356, 48581233, 59258376, 94178468, 94180704, 94810262, 94896363, 94927844, 101705531, 101792942, 101844982, 101846755, 103054297, 103057638, 103064491, 103066434, 104903699, 112560643, 112566783, 112576008, 112740627, 122984337, 128270729, 160976106, 164252139, 164296572, 203520477, 259513386
948
296359203
950
10218874, 291841640
955
175576305, 241157895
957
130751386, 208862059, 212577015, 247846716, 253904876, 254136728, 256343689, 257558669, 259660073, 284154997, 294552106
959
5017046, 29962437, 30665610, 36850617, 113545905, 125524120, 169482541, 186002123, 223926825
960
32896, 21680870, 36856873, 38724439, 139187466
961
213399073, 244845004, 262909819
962
3532495, 6233563, 11764003, 34257521, 45843789, 52470811, 52474034, 107891977, 132886876, 144077199, 145866765, 154910390, 147165795, 165495877, 155433419, 239446463, 287218828, 290704604
967
93810644
968
92800747, 98841031, 116075825, 117955283, 122763388, 132459751, 143156839, 154801749, 155150972, 165132758, 175899152
973
294147231, 288641241
974
239740396
976
95837276, 118883010, 126705532, 149753359, 156028213, 159401045, 164691439, 164753168, 165691580, 167923891, 168015053, 168178681, 168178914, 168820495, 169195421, 173698346, 174160194, 174388840, 176068635, 179177200, 180402457, 182670156
980
88491183
982
45425553, 90684309, 47399255
995
